a0 =       1.311  (1.294, 1.328)
a2 =      -2.586  (-2.596, -2.576)
a3 =       550.1  (547, 553.3)
a4 =        1403  (1387, 1420)
a7 =   0.0004554  (-0.03932, 0.04023)
a9 =      0.1428  (0.1213, 0.1643)
a12 =       0.304  (-2.85, 3.458)
a1 =  -0.0003557  (-0.0003679, -0.0003434)
a6 =   3.087e-07  (-2.665e-05, 2.727e-05)
a8 =   0.0003098  (0.0002864, 0.0003332)
a11 =      0.1071  (0.1015, 0.1128)
a16 =      -71.72  (-6321, 6178)
a17 =      -281.9  (-2.492e+04, 2.436e+04)
a15 =    0.001671  (0.001428, 0.001914)
a5 =     0.00956  (0.008337, 0.01078)
a10 =     -0.1516  (-0.1558, -0.1475)
a13 =   2.038e-05  (1.688e-05, 2.388e-05)
a14 =     0.02862  (0.02452, 0.03273)