a0 =       1.774  (1.695, 1.854)
a2 =        2.87  (2.847, 2.893)
a3 =       600.6  (597.8, 603.5)
a4 =        1566  (1552, 1580)
a7 =      0.8189  (0.7505, 0.8872)
a9 =      0.2735  (0.2438, 0.3031)
a12 =      -8.876  (-11.92, -5.835)
a1 =   0.0003939  (0.0003801, 0.0004078)
a6 =  -0.0001579  (-0.0001939, -0.0001218)
a8 =   2.476e-05  (-3.364e-06, 5.288e-05)
a11 =    -0.07887  (-0.09852, -0.05922)
a16 =     0.03745  (0.02825, 0.04664)
a17 =      0.4308  (0.3309, 0.5307)
a15 =     0.00136  (0.001156, 0.001563)
a5 =     0.01116  (0.01013, 0.0122)
a10 =     -0.1477  (-0.153, -0.1423)
a13 =   2.761e-05  (2.515e-05, 3.008e-05)
a14 =     0.03984  (0.03641, 0.04326)