a0 =       1.384  (1.205, 1.563)
a2 =      -2.936  (-2.958, -2.914)
a3 =       668.1  (662.4, 673.8)
a4 =        1599  (1573, 1625)
a7 =      0.6252  (0.2751, 0.9753)
a9 =    -0.08382  (-0.108, -0.0596)
a12 =       3.107  (-0.3572, 6.572)
a1 =  -0.0003117  (-0.0003384, -0.000285)
a6 =   0.0003177  (0.0002251, 0.0004104)
a8 =   7.733e-05  (5.507e-05, 9.959e-05)
a11 =     0.04597  (0.03825, 0.0537)
a16 =      0.0508  (-0.005256, 0.1068)
a17 =     -0.1956  (-0.3654, -0.02576)
a15 =    0.005249  (0.005118, 0.00538)
a5 =     0.03877  (0.03775, 0.03979)
a10 =     -0.1171  (-0.123, -0.1111)
a13 =    5.41e-05  (5.06e-05, 5.759e-05)
a14 =     0.04736  (0.04201, 0.05272)