a0 =        1.69  (1.444, 1.936)
a2 =       2.769  (2.763, 2.776)
a3 =       614.3  (609.6, 619)
a4 =        1496  (1473, 1520)
a7 =      0.7237  (0.3688, 1.079)
a9 =      0.1366  (0.1187, 0.1546)
a12 =       10.45  (7.964, 12.94)
a1 =   0.0004384  (0.0004313, 0.0004454)
a6 =    0.000432  (0.0003526, 0.0005114)
a8 =   0.0001746  (0.0001561, 0.0001931)
a11 =     0.06455  (0.06108, 0.06802)
a16 =     0.01834  (-0.01095, 0.04762)
a17 =    -0.06673  (-0.1553, 0.02183)
a15 =    0.002054  (0.001961, 0.002147)
a5 =     0.01784  (0.01694, 0.01874)
a10 =     -0.1482  (-0.1511, -0.1453)
a13 =   3.036e-05  (2.799e-05, 3.274e-05)
a14 =     0.04111  (0.03866, 0.04357)